25260
4353
1291
36748
2558
1518
6417
1784
21845
5502
8472
2874
34783
5062
2796
60789
1184
7003
71
5231
115
3
3809
3884
24321
1343
8211
7637
2509
51234
1742
58562
3589
3159
3539
1567
3661
1777
230
2451
61402
38412
3934
2948
3630
1037
42509
4291
8451
25901
2156
51809
632
176
6010
5161
3830
5406
3286
2547
44505
2314
7274
1576
1157
2249
9085
4395
1216
54551
2493
1581
59778
6484
4151
5209
2141
1338
14154
2662
1509
33200
386
11967
3211
1070
4149
62
1193
9025
129
6508
6678
7170
5720
2656
259
2784
1189
6400
2507
2234
4029
2575
38194
38185
3457
3644
2795
4341
57347
9040
4819
3296
280
34401
9128
8417
1891
3728
7689
5017
3612
3961
3091
5612
14916
54907
1976
9445
2910
38202
567
981
38205
1431
2923
8110
3251
7845
6081
6768
6780
8204
4737
2817
64726
2350
55568
64438
40457
2778
5002
5601
5838
3908
569
6790
1916
1086
1191
6006
8190
9160
2042
2250
22003
40843
1427
6409
1535
55569
4219
6064
57988
1857
2296
1627
295
45624
3253
52025
5979
3708
47119
3803
4403
2534
10805
484
5938
2511
1255
34571
1565
3949
4208
44442
1622
5999
2360
12080
4265
17754
1922
1213
374
1905
113
6349
1727
11100
19715
3820
1846
3829
4242
2030
5768
18136
606
1819
4199
1880
8770
2729
48002
5120
32869
7200
6070
552
385
4456
6080
5905
10045
595
1659
1793
5666
919
2448
3013
56293
2397
9333
27075
13718
228
3412
6444
234
5673
2676
8099
46418
6000
3470
7397
5815
47969
55479
214
50198
8997
49172
3526
8651
3743
1618
5852
2533
3005
4374
1332
5236
7337
14143
65311
1337
1212
3175
52225
3446
1655
1517
9522
7427
4901
255
2023
33882
1929
32780
656
4270
8953
3990
6114
6040
8879
32811
45438
4266
963
2586
3327
10011
863
4842
4601
1996
48653
1649
11288
626
9101
41250
9201
8457
2150
6074
245
53085
8032
8600
3828
5074
3235
25007
108
3200
6103
5005
930
2180
4649
27770
4130
3145
1364
4728
4119
49159
2037
56591
32815
30004
8899
3431
990
1987
8066
2982
44544
413
81
8500
2438
7009
5011
59340
3617
4005
3064
647
3541
4752
5030
4848
25576
1253
3475
47100
4405
349
3116
4334
4725
58632
4847
26260
4570
10117
1914
3052
12240
1295
4595
48050
49173
2115
4272
6997
9485
3280
6370
8403
5639
5398
773
5806
3666
2334
58072
366
8609
147
5741
9023
1204
6588
4915
20005
9801
1169
2839
305
9597
9674
18988
101
1999
10020
4252
35116
1252
3267
45864
4603
2413
2569
2188
4259
1859
2485
57999
3220
4191
2116
11165
926
59565
9060
18040
5949
4889
7566
2383
9400
8732
19541
34964
3673
3730
3692
2119
3926
2441
5821
10000
4164
525
49401
6068
7742
41064
13264
3699
2976
38001
4279
2363
4155
32871
3880
2046
6672
6077
44900
52675
48067
2791
3552
1575
1815
9022
9667
65514
9321
54276
9387
2571
2388
2294
3609
1198
1695
1927
2408
2335
2537
2168
17409
1167
757
5415
7346
8095
2064
59201
2557
3469
22711
10051
3702
49191
8567
50006
5425
3789
1194
6420
19000
45413
854
56725
1429
4264
365
5732
490
7430
8450
3287
8041
4999
6626
896
3913
11095
54658
41142
4486
4849
263
31337
2688
12962
2034
201
1277
9183
7016
4423
4345
19283
1972
2515
45045
6324
18887
16992
4711
8613
3023
492
1808
4379
678
4372
4937
15740
3301
583
622
4675
703
4275
3299
9802
9919
10160
1249
1964
998
2403
5155
5303
2320
7020
8044
5072
7006
3906
2291
2481
4091
3481
3759
1092
1124
21571
2708
35000
6483
62312
4786
2486
3415
43440
43018
17221
60579
3668
32898
3044
15758
1002
3245
45777
5575
3035
5875
4124
2175
44322
162
2341
1282
18262
14414
3282
5950
2653
38224
791
5627
13093
1885
4165
4310
1592
1146
7743
1019
1136
24677
3745
14937
3588
4860
90
3512
11105
32787
1544
4444
31029
4841
3249
592
93
3070
1029
639
688
722
1247
8834
1354
9086
1994
2935
11163
709
28114
962
712
1083
3640
6031
9278
3019
2420
1351
8621
2416
2070
994
5422
4183
2457
806
6418
2541
29507
3201
3623
12137
3347
2757
287
6360
50692
4166
33327
22222
4888
3746
3513
629
3887
30896
1312
10261
4220
6088
2312
3923
6714
58622
12955
2164
50389
5250
8644
2299
3040
142
218
16360
497
1939
12192
729
3370
2903
5061
28017
777
4373
4127
2901
10621
2972
19900
3055
6972
1385
1962
2624
1325
8640
4605
11489
2582
8207
5410
1504
510
1122
48048
60544
6767
5717
4312
13786
61440
2084
2860
3650
1524
9941
770
59810
3547
2253
19540
3349
8673
2847
18
2626
18181
3591
479
5399
42452
3836
2107
17729
47777
3404
1439
10629
2366
17235
6027
1913
24323
236
4431
1689
803
786
20000
1683
7181
40000
32767
9210
1566
6060
47806
13705
2858
2510
1301
4292
7344
4017
8555
2006
4113
4139
820
4311
2646
2616
7129
1773
4004
6082
1677
6035
1978
4200
242
2274
1394
4415
190
8756
2730
3567
2267
4135
4182
1079
43210
10001
2500
4357
1973
1100
2833
3670
3316
262
6669
8470
7102
23796
2338
2225
3814
5320
64551
3125
7800
3565
5015
3217
3260
3078
59504
47544
1442
4221
3586
4089
12031
8320
21846
1832
13715
60783
3622
2840
3955
13
3626
5360
22350
197
2218
18080
7872
4733
2661
5853
20280
3326
16851
5915
2503
17701
2097
57020
1013
1717
1971
54235
10555
4346
8910
10809
27316
843
2033
4755
6520
7356
2882
2709
3819
1396
1893
1178
6343
8051
26001
3008
666
12168
601
3084
1007
746
32944
4441
45038
12296
5191
379
3977
2979
1464
9009
3334
22341
2908
1870
8778
1849
5693
1266
2173
2655
50849
49155
102
4344
1401
38188
30001
8442
8293
30951
13695
24000
7033
2520
2480
7724
1812
3664
774
2207
49522
7012
7305
608
7630
3888
8954
3212
5675
1217
1423
8148
52847
3135
8401
3927
32769
35354
141
405
5881
4328
20940
3679
904
23333
1181
7172
3714
22555
3440
3381
1980
5530
8405
3732
2411
17222
38037
2540
3030
9105
9351
4174
1863
934
2495
47267
2719
7982
7095
3342
10008
1970
18634
5442
1081
500
55910
58456
4037
3473
2748
53656
2951
3691
2548
2047
5079
853
1646
50800
5906
33453
1995
34728
1474
1297
27999
3485
1209
2086
3454
13783
20001
9825
32905
2703
3304
2531
13250
61170
12302
2453
7391
8000
3466
10554
3170
51800
1589
346
2104
2148
3921
4088
3808
20180
2738
6701
3660
855
6242
4087
7103
9081
9661
1264
4410
8043
618
6732
4484
5
28211
27004
61669
5046
3517
20014
2043
2921
39067
38570
32774
5987
12121
4156
3783
3498
1954
47448
34573
1082
397
2926
1558
10042
6935
8231
16619
65301
3351
3878
1737
22002
6061
1084
6110
2731
3785
28001
5069
20021
4079
1352
3631
2387
32102
23400
880
9401
6363
2239
519
8601
6662
35906
2505
4215
2869
2561
54514
7332
16310
1785
5936
13130
3087
10215
5604
31339
2319
1931
8888
2812
29999
48004
124
55652
1613
3886
28142
27087
3557
10180
4190
7300
8385
3897
6320
6350
8131
7106
3569
957
731
1934
3054
28
1058
6130
12004
6405
5989
902
1040
458
4093
7336
44119
1935
8873
1635
2398
3182
2365
5726
5441
536
7018
9397
4727
43690
4839
3914
3915
3685
3496
8666
3856
32803
8889
51037
10102
5599
7789
55901
8248
1077
9002
4455
1640
1516
7830
2913
5682
2445
2592
27204
207
596
3237
22200
3163
2831
1236
29
44431
9952
49762
3672
14250
509
267
3407
4232
2470
2686
7421
5923
4744
2311
5048
2849
1690
28967
1456
3530
2944
988
1542
6144
60713
24552
2724
9099
3794
22351
45825
6688
4325
1791
2386
2336
8184
3096
2110
13580
6126
16797
249
5084
51139
4209
392
3187
1582
34317
1705
8064
1307
2078
890
2769
5794
5605
31038
6734
6785
3414
63156
42685
1450
31400
5992
2673
15677
423
3088
607
2759
2669
4207
3209
4784
8117
53
513
851
29167
4368
565
61169
22100
16994
28240
8444
60146
33435
21011
1892
668
4144
47809
4550
6579
20076
2282
1550
977
2290
32768
51233
28851
7852
3896
42276
6159
742
2755
2633
2574
33070
7347
43654
3188
7420
514
8193
3171
52573
52822
1876
4281
2663
41795
3697
44443
8443
3975
9093
9999
3835
34379
144
11200
4299
694
3944
60403
4305
33554
40853
4065
45
51300
3406
17225
32776
8351
4546
893
2768
1395
51240
20223
5027
38780
5362
2761
5164
238
53240
1749
913
754
5350
43231
6548
7797
3416
5465
46999
475
9695
5580
16283
372
58305
5416
383
41551
4425
2585
9954
9925
16080
800
7654
9777
9294
41797
20221
3080
16991
4031
13140
955
5926
5435
899
6544
2875
1761
1593
34
7309
5565
1501
3285
2436
9994
1502
1415
30299
1251
2886
24001
3762
2131
23430
5007
14238
60443
4875
2252
1903
4211
31948
873
578
2487
4941
2492
2112
25327
18101
4033
5408
10115
12003
4026
3057
15151
2968
1691
1828
37789
3983
2667
5597
2079
5100
58080
38002
1257
9914
8763
3313
10631
1388
2361
15742
50356
6689
2793
146
1107
4225
43441
2080
96
3742
4549
7570
8911
9616
2105
30100
6099
3263
2216
50576
20034
7236
8333
9750
3800
2204
13784
37674
60086
35005
14033
7308
9091
5419
5814
3441
140
4702
837
45463
4115
15003
1103
3979
4285
8291
1868
6147
30999
4074
27352
34765
1289
6690
4170
3873
8680
941
2276
55187
20127
2456
2971
1726
3213
7672
3134
9080
7342
1099
750
3568
13882
33550
48127
467
1279
4015
2826
1771
4049
3422
289
7357
1751
1591
412
2964
5840
4278
464
6118
1587
66
3792
4606
1358
7975
7163
20089
3058
2455
2966
37483
2212
23002
1802
463
5193
3544
5421
24218
10321
6936
3474
3841
3693
1888
56535
4133
2396
51961
41523
1322
22343
12021
4672
3686
3711
52173
211
208
4516
627
7560
3727
1451
5813
589
51235
3137
1048
6049
4294
5013
38331
9992
6056
20125
20167
4871
49152
10842
1141
9061
3174
36001
9877
2147
8893
2920
49175
3978
40001
1018
4602
4785
964
270
6108
2618
9493
1230
2278
5986
35553
1237
7798
52893
5464
3310
282
55576
1304
4591
13708
49498
2807
2734
739
1674
43143
907
1072
5878
2583
6203
62188
43242
5154
1676
1650
5358
499
60020
389
7000
5931
18182
21553
29831
52003
2800
193
35392
58699
9683
1626
1692
9083
3060
3715
2604
3748
1877
16385
1665
5678
38472
1067
41345
63
325
3826
15317
493
2822
3368
56975
13785
4621
9013
7997
358
590
617
7
4953
3531
19788
40393
23723
4224
5357
2983
1577
1
45050
2139
17251
1281
6551
4704
969
1433
6143
9084
5107
55579
3954
27009
3074
1383
1374
9598
4457
613
2665
4090
1510
638
9812
4787
3006
3947
1960
60
1328
94
1699
4276
11201
24386
2565
7501
32910
2599
7088
3777
5418
8128
58446
2390
69
1150
12007
6777
2449
61722
55600
3849
6315
50636
8080
12034
1010
32786
7799
3570
2911
6901
6146
4249
1942
3598
3733
4450
41318
1382
2170
7628
2353
19403
6500
6951
4360
2562
19191
4745
76
5043
6770
3068
19398
58721
3072
654
3928
850
1244
6057
3100
23953
1435
4534
2081
41808
18569
36524
3418
6101
441
577
3300
17224
4109
51413
9640
15631
4743
18187
2418
11250
12097
40023
2898
17129
7080
3480
10699
5839
48619
4192
40489
7456
4349
8502
1091
1992
8003
60243
3230
4092
6549
45602
1207
204
18669
373
32771
10357
3185
4726
2885
4229
9211
38029
38865
5924
2333
1882
6003
22335
3308
5033
5024
3138
5114
5917
2772
6015
2302
112
4746
5431
50189
3124
10200
53639
32483
4137
48434
2342
8098
59987
1367
605
13717
2862
1047
4148
5423
42735
5784
53211
7168
5997
3073
2477
4445
8675
22290
6036
7546
37601
8243
3495
3695
11110
1753
1722
59160
3753
9037
2008
2638
1804
7276
407
48080
868
2892
3633
32200
7025
3056
5850
311
3400
49161
23887
48973
16273
27350
27
953
2004
4177
5162
2039
3725
8191
9217
30599
995
3494
50834
1874
1829
2192
1685
3554
5767
2260
8005
13929
992
61616
3545
3437
1918
8515
5057
6567
752
761
13930
2516
5977
11208
1725
9396
17715
6117
53742
36865
27665
5748
1130
59122
5321
2752
61613
5212
2587
7017
7395
531
4674
885
49597
6247
10601
4537
8053
9908
57398
25471
4990
9202
9900
60003
2394
16666
1733
4342
2332
50258
2126
2553
5899
5757
2749
4427
690
1075
7426
3787
24444
154
9071
14150
3463
4027
8232
14733
466
4308
47000
1129
55227
2713
1642
10018
3114
52673
435
11003
1686
6087
1539
12013
1600
6065
2526
807
787
1835
20013
1991
8994
2623
5023
4258
5221
38
3652
4846
631
2340
2221
2318
180
58107
14443
3719
15275
1554
3527
3687
1363
33333
4885
4188
856
25003
2877
84
765
3611
22321
10034
9290
5555
1074
48128
5903
5194
4677
27019
380
7410
9899
35357
49164
1321
6778
1025
7349
6702
2405
6113
1630
3964
8201
4362
5781
23003
2184
1743
19353
2167
14147
42510
11371
56
5900
3948
114
3443
2264
2950
33444
2013
9389
3262
3997
32788
3089
1932
2699
4104
14827
6600
2325
173
828
1310
5622
4701
718
2996
2203
521
2684
1915
8676
4971
344
3256
35731
1126
6163
1605
4293
3122
4428
4555
6998
7023
60492
3549
4348
5817
5095
5363
24616
8084
2994
49204
5636
6655
48000
2145
3657
5088
6703
155
3629
3871
6200
1214
8121
5270
1671
1478
1755
3703
4378
2404
1881
3667
35001
29152
1768
5355
2854
5721
1116
2182
892
45824
301
662
2406
9415
56681
5457
200
1684
2750
3236
3864
126
3616
650
59107
5475
11175
8022
53313
4600
9950
1445
1956
886
2347
11600
41773
3827
1551
5116
7770
13724
26487
5444
7014
3768
1425
33434
3223
59202
3817
461
5909
3542
50101
1637
269
7355
2654
59
11751
2679
417
1488
4377
2094
7813
43027
5472
7306
7315
699
3578
2536
1662
706
2114
45220
7350
7411
3242
3392
4688
5042
4883
2072
726
1276
4331
7673
58991
1003
6047
13217
9648
8089
3497
369
32816
18505
3973
91
7119
4014
698
4263
5071
1461
2859
4100
10880
17702
61900
32799
47581
1902
47858
11111
1006
57678
6962
4080
8001
5254
7663
831
5200
3959
7980
2899
5945
7227
4101
12010
1569
2556
9100
235
3447
439
5583
1434
7005
1983
9162
7352
3214
550
5122
2635
19539
1826
11172
1744
3459
137
5356
57387
12452
9555
51493
2074
1039
48167
4289
16162
4412
5271
4740
691
4000
3812
156
4246
846
474
64080
27504
40003
5237
2692
2384
2138
24666
4335
8206
2462
792
31727
1866
5544
3869
6222
6619
9762
32792
9878
4375
22882
34378
3012
2377
8161
11863
4668
23457
1588
50529
8787
403
9956
4998
528
9198
1514
2715
51011
9152
50513
33337
300
5585
549
2736
3643
600
5343
14034
3683
4877
27521
16372
3969
6309
55382
3274
52230
1148
874
8658
4098
2643
60642
192
4843
38358
8809
2741
3191
14693
6133
4984
6071
6471
14141
6624
8900
33203
5432
5081
25008
82
3063
1886
9917
44501
3221
3793
8699
3410
530
37174
1290
9119
2313
1060
3574
2501
6464
25445
8400
5520
5078
6710
1269
7272
1873
882
7318
2930
5742
3027
5455
447
4245
60123
4732
5991
5766
5090
5302
3932
8554
6646
782
2702
3521
657
21201
958
26470
3194
4173
5990
37475
27007
45514
839
5034
21590
7327
6644
966
2954
10080
3098
9501
5948
2300
1026
2844
928
4251
53910
20046
5092
5737
3669
5730
2722
1546
52391
9997
741
2468
6831
563
5637
24249
43212
1579
8132
943
1528
5445
3234
1286
6787
61
2733
10058
54101
3852
3395
2625
44541
3365
10529
9306
2567
63105
4094
55400
2952
6487
58838
5958
1413
1118
418
2091
1120
5050
6072
6627
3717
4063
36700
3165
4138
212
1309
1371
2570
1480
827
47197
48648
942
1988
1666
8989
658
49154
1097
40712
779
32777
716
2746
6900
14001
7569
8088
46372
621
3751
1499
3094
2293
967
1296
4330
3705
5004
8050
38270
30195
1760
3740
8100
13193
27005
362
13340
1123
4566
2740
3451
5719
30
2672
2190
16724
4845
10101
1127
8222
16021
8479
6268
3870
23219
4216
41342
1421
9599
8454
4676
2305
22063
9005
821
3956
2303
3258
6241
9444
23451
1263
1387
5934
8377
3215
3227
663
5914
1042
5045
7229
46998
58610
11940
3522
3689
9285
6063
39774
2256
1660
4742
53958
772
35033
27010
1552
2472
7040
30659
32976
5070
2728
27356
6407
5629
2631
5874
625
32260
7869
42675
9613
95
4401
4988
935
1412
7676
23017
2414
1350
6788
7030
636
5845
1272
5540
7010
4536
22563
5971
4413
2929
49398
5353
898
9536
2774
10002
50833
409
1570
2355
31728
2415
2460
2049
780
8054
8655
3075
223
2675
2876
49211
4298
104
23001
58908
11877
25604
43190
2484
7184
57335
2704
6961
1612
7625
11
1218
51191
2395
2600
3511
1361
6243
5812
1800
5700
5025
3358
5783
44123
4046
46034
3899
4686
11296
7316
1495
470
12380
9500
3402
103
1447
7165
39489
849
14418
55781
352
4771
5225
4913
7235
54323
1607
19999
3069
3911
2674
5579
5921
4273
2906
9122
1238
133
1532
5133
36823
5560
2961
10933
50202
6513
1139
9594
4500
26133
2048
32798
437
38764
13142
5910
54991
870
6455
4160
35003
6066
537
9503
49156
49166
3156
9343
947
3197
4204
3032
6965
3119
28000
21221
1273
3750
384
2191
5510
1636
1496
2517
3021
3190
4287
6666
16800
1889
2988
1979
5195
11971
14442
7631
1975
17969
2476
2680
35002
61439
5825
3523
4078
4186
3024
5305
3882
3824
92
49235
6100
10024
2205
4081
3241
20473
12096
3520
14441
908
9090
15126
225
24002
1911
834
517
2371
9903
44818
1624
414
2002
2222
8077
6116
2177
2285
1497
55721
18012
13318
2255
3053
10103
23382
527
1883
4184
4240
37151
7778
4703
1604
40732
46436
8014
428
8887
17234
2015
1280
4280
3610
9975
2732
4912
35050
61942
1114
5106
2272
377
2179
6946
1458
1735
1455
12321
5032
61827
10082
430
21212
25002
1344
2519
7981
4303
36530
44479
1736
3581
39136
2027
1645
20111
3167
2478
3255
2790
9212
2726
5354
52851
24999
1142
5854
1578
3127
927
317
49241
6023
4231
3359
2196
857
19350
494
3775
562
3003
3516
2845
538
9898
49190
6115
9213
1145
4234
1303
3638
52237
2644
45164
50002
9206
2648
6850
11723
2870
9088
451
5055
719
3002
3546
8181
9745
30087
2431
308
3704
1757
25847
49157
498
1747
5820
1164
3519
4106
2134
3613
2499
4502
7071
5064
11112
3183
2345
8208
944
370
10280
3361
293
4851
5151
9527
26263
60485
3038
5227
4340
32822
4476
5093
3153
980
2496
367
17017
3931
17997
1494
2130
3493
7002
2975
4006
1682
2521
5603
1908
23053
1353
3042
312
4168
22370
1466
10035
2270
433
5249
16725
158
7747
9390
10116
1166
25903
7303
10628
6653
2776
45226
8540
841
5364
3755
11106
1536
5998
2764
7262
2905
1958
4143
41442
9464
4592
2298
8195
5440
3580
8015
950
2639
2435
186
2770
7429
6445
2880
1790
2813
2634
5000
8008
9915
3373
965
10010
1752
175
3890
3321
4011
8877
1657
3219
5912
535
4738
20012
2763
50997
20999
1463
6625
3618
58109
148
7167
49452
11000
3379
1928
49048
1619
1530
5105
2162
1187
47595
3180
32837
139
2422
47372
11813
67
15001
7394
50836
2720
1537
4243
10093
4936
4254
50001
400
3450
10810
50545
15050
5168
2186
7870
732
8531
99
3563
51423
7015
49150
1769
1115
1673
1140
7775
3579
2301
27002
1071
7068
3492
22969
50854
58252
313
3061
1024
51909
7174
5553
37777
6043
23
1311
378
3095
26489
333
36694
8379
932
9170
4169
1515
149
4850
303
60111
60612
939
1533
6076
1583
4333
9987
16016
3456
9944
2801
3445
5952
1465
1161
2597
375
8765
7325
875
5377
937
49153
3614
1879
9131
710
135
3120
2940
4690
49216
4446
10253
40628
9800
3302
26972
40306
505
10025
5777
4261
41511
1799
38936
812
2121
4141
16361
9478
921
16012
1417
39883
6881
53633
3283
449
3606
1965
914
53319
6489
1160
2056
1342
57730
784
6201
57797
178
4567
18015
18184
4057
3771
2158
244
54722
33523
29672
7320
3995
1641
1580
4042
9998
1329
1541
4942
2240
4256
5215
402
4599
27015
27372
7478
8416
6580
12340
4206
5727
35500
3782
5674
210
3362
1639
5234
13782
5073
1368
8200
6406
38800
3196
7314
4453
3941
4302
1731
5125
122
1679
5417
520
2003
85
15190
3273
184
2694
560
3710
46992
2629
15004
2483
5247
615
7471
3169
3464
1302
7202
26214
3892
7847
9279
2375
23040
4754
2092
13701
655
40614
1326
5744
1262
50277
13712
8040
9200
48049
1548
41111
7780
49158
5810
2432
3017
8736
42508
5437
5681
2927
22000
2835
3439
10110
5058
1121
49002
20011
1366
588
57896
3514
1441
1806
3208
3635
459
30000
8453
8807
11031
1080
2642
7545
2652
54075
2007
3894
6535
1173
368
3851
1950
224
4598
8266
4102
1702
2609
1817
10556
7280
2277
4970
49169
3264
1175
4248
18104
2645
4332
4008
952
1365
3462
793
7050
45000
628
45966
36443
900
2040
62519
7700
11320
5075
869
1475
884
1615
2069
41281
1054
2649
5214
1875
10128
1347
13706
2846
62042
2525
172
2045
1477
7588
8011
2568
7008
685
3571
2607
4538
1046
8009
630
4316
5818
3184
2317
4128
39917
3840
6269
5028
2024
516
6106
3206
5359
45136
54328
8996
4067
3798
1268
3818
2444
1045
804
1568
9004
1953
2292
1545
44334
7998
1033
49189
320
322
976
3345
1190
2842
2689
3393
6002
294
1154
771
1170
922
2855
3525
3875
1513
424
5135
2490
3289
2612
23294
1698
2434
44553
15998
1740
1206
502
4274
128
49999
3154
5940
833
5705
19
49500
1096
2808
446
55556
1525
1492
3779
56822
8085
19130
23270
4594
8123
59841
8615
5163
35901
163
6111
916
9214
2830
3634
1687
1201
1090
21728
1858
2773
9203
1728
8501
4223
58002
1437
845
2464
65389
3754
56668
24242
4452
2354
2001
5826
7786
1779
8033
2263
3737
8082
6021
52000
2370
323
9277
4793
5925
7321
406
2322
3898
5040
755
5670
2235
34096
34980
3665
1853
6897
4095
4250
4547
4203
2777
1801
4881
1062
1119
2019
3010
5052
1900
707
2309
2853
5010
5402
1470
8149
7779
15646
3011
1974
11174
2065
7727
3157
1824
16789
1271
21631
3243
1043
1796
1969
9
3434
1681
10541
22273
6543
2718
47567
1210
20085
5115
7304
2344
2710
3231
1631
3489
8254
7353
13194
2879
2206
2647
6300
6488
2670
4154
1664
8898
3904
4666
1780
264
3050
7007
1049
8295
2459
920
3468
4869
472
3192
44321
2660
2657
10238
55350
1714
4157
951
3505
5370
1484
2343
6679
3707
674
2165
4314
3306
7323
762
3940
2227
1023
2606
735
8160
2542
24005
6956
16367
187
6124
12132
7392
32088
1283
815
7162
1438
4047
19333
13899
2041
9978
9747
8474
6671
45054
8654
1117
21792
7070
3307
956
253
4352
8021
2135
13730
653
2409
11202
2254
8245
764
8006
3411
5157
30832
2841
3980
2241
6692
3363
3499
1869
6012
23005
393
7241
5824
22125
594
5684
672
2707
151
17700
2176
36275
26257
2461
7283
4679
4451
575
2128
1706
7749
5802
49195
109
1951
5554
40404
5620
9995
21800
8452
11171
5672
6037
4778
8023
2057
808
13722
5201
6581
2850
2356
4487
1323
3641
6779
2127
847
2053
3259
453
4306
645
4159
50585
74
1177
6514
8892
1111
2751
748
572
5507
1384
5229
111
9619
8255
7338
3465
2402
4059
8045
12006
2161
5904
929
9665
1487
9621
3324
425
7310
1788
3049
9654
10338
1414
31386
177
19010
5611
52710
3173
4239
1057
3976
3504
2566
3257
684
22
910
5920
3081
62078
1232
3189
1125
8648
340
3041
4388
747
1707
3109
1032
59149
948
27782
1472
20480
5506
561
1156
1471
2809
3996
511
3205
7024
28567
2140
5347
3821
3229
19996
1658
5016
57923
4022
36962
22305
2900
3671
38201
8268
5060
3901
5420
49751
24465
4951
26669
1556
4554
257
5053
10443
34963
1809
10083
3344
544
3357
44200
9844
25006
14
7343
2848
5156
1225
4121
2133
6022
5282
598
5463
4868
5808
6403
15645
7365
5450
4150
3195
3432
614
2617
3893
1837
1634
6050
28374
736
4145
2217
62570
2469
9955
25288
9595
3907
1818
3076
2530
809
8445
4692
50809
3981
351
2146
136
4358
17988
2035
22719
2287
48783
2857
1797
1418
3337
4326
28924
6839
18881
5101
2605
5003
7510
4131
7277
9292
4179
3910
2941
3228
10288
7677
13261
2183
36444
2215
5433
1219
3161
32261
55758
2152
759
6511
1168
3178
1410
871
40193
1789
4369
43002
23546
50577
8998
4774
4700
3421
11162
61516
1063
199
17985
6650
10540
10007
532
6566
2331
1493
4185
700
1406
3772
25565
667
4025
2949
35006
46310
2494
34189
1087
16003
5281
665
43734
5786
4167
15660
47348
1925
6446
4952
371
9286
4800
5743
587
2918
476
4147
2856
44380
60401
309
1408
4673
88
797
4172
6162
503
42449
3716
2651
1076
32635
3226
33000
604
51460
2573
5961
47624
6502
9502
3601
6390
1901
3295
10006
2868
5552
10543
6670
4669
61441
9133
671
12414
11796
7550
2828
1814
43439
24754
5068
7854
3596
714
35986
2412
2339
7161
83
9388
2696
6716
3396
1709
53690
4409
4671
817
52506
633
5500
38481
3360
15555
6709
5978
37393
6025
1560
3007
2372
3974
288
57103
11026
1680
33
1036
3972
31033
8074
7633
4420
6647
4394
6011
3550
5083
31020
1522
43
1050
1611
823
40842
1519
5501
2271
551
2767
3160
10553
1378
4684
25902
2641
8384
49927
4827
2603
1336
4041
5413
12275
6791
34510
55312
3600
24676
7880
5029
3062
398
2082
60753
4389
9374
38761
12008
110
798
1669
1786
3806
43188
28201
905
2066
363
3791
7549
390
2083
12215
6657
16444
3026
57665
1688
8067
32911
4253
7107
1056
1233
1498
60794
526
4426
3354
2362
5888
2671
1391
602
2695
3477
7281
3781
283
6051
127
171
2947
1485
2391
2324
10100
2545
3902
1547
3646
6480
795
7741
3118
4840
4136
30005
33604
11552
50300
2359
1453
3883
1174
2560
3101
3628
11876
3338
3168
6142
3294
11001
2904
5635
3720
3323
547
37522
1952
10548
43000
6030
489
46593
18264
12702
2200
5473
1871
5638
1644
8057
2189
4568
1505
8790
2650
31058
7781
4111
1963
1240
14149
15999
51118
906
1633
3131
822
794
3810
8937
6507
13820
728
3797
2806
3340
18888
4016
644
4053
20118
2890
5006
2020
2400
2479
3799
6696
2498
3380
17413
47966
1844
50050
11720
25793
3423
36423
50040
179
15191
5246
6699
5849
7322
3968
1564
2025
2698
8894
5426
2488
56016
1053
30704
3982
49678
9666
52665
310
7634
16018
1586
2969
6073
2439
1763
1183
4788
2838
5462
32006
1490
2452
9679
188
35349
2029
43425
2443
5265
3562
34567
1005
277
5793
720
13218
3891
44410
4329
3905
3483
1654
48556
2919
5424
753
1486
2465
1373
3149
131
12865
3524
31416
744
13132
7913
2637
16309
12172
2614
38561
3729
60002
49213
118
2358
19007
7999
381
41348
1572
166
915
65000
783
1830
5803
7720
5556
5253
15002
5094
3506
39795
6273
3734
4105
6877
9344
48
9163
1803
19201
6443
11430
3429
3333
58
1192
541
4597
34249
8183
8990
1667
8321
2125
4448
11321
15344
1314
1527
45001
3590
78
3595
59499
11735
53827
6039
3900
7117
2426
5085
8133
4075
2430
35100
2712
2659
7278
1638
23000
20002
3935
1540
2681
3484
1721
21891
7687
3083
7201
5968
3240
2810
6769
32897
2933
840
6032
10246
51582
4396
4009
5714
6052
924
46115
2551
756
681
4741
1426
50016
3141
3962
6059
3014
9125
545
4879
1068
3279
56723
53178
4181
2514
6244
1738
13502
5316
5430
3761
8056
6086
2310
1897
4056
6041
3426
2349
743
1022
3515
5454
4986
2122
3033
6969
8423
3564
13359
1917
1807
2596
1113
18231
1741
36411
4019
2137
6568
7933
683
203
7728
10243
591
3649
999
1981
4354
48966
3272
2897
1315
5984
348
5103
5689
3378
824
60782
2928
7902
3176
5822
54605
2098
4322
3805
3647
24322
4664
1158
9207
9318
1360
483
2111
8402
4301
5836
17555
2782
3987
1750
1798
329
3558
1861
51366
31522
2246
2895
42632
10111
1930
5009
15363
4161
4876
47634
6410
8481
3624
49000
48005
3788
2093
6456
59684
4384
6121
20228
6323
3278
8052
5047
3331
3738
5993
2819
16959
7512
9700
1195
4052
7626
1739
35272
53361
42575
16020
2580
44
3945
1448
3509
18018
2992
33192
1573
5859
1710
669
8882
24416
2818
3747
24003
682
36552
24922
64890
3394
4667
3330
3555
6045
55635
14545
982
1171
2508
1574
8733
356
10019
1850
1694
13149
2491
25486
52071
3399
1899
6018
1489
4202
3435
3233
4596
1317
8793
32219
2554
5981
6547
8162
5232
13306
4417
8999
3218
2185
8649
17755
1781
50224
11623
61734
6042
1730
8031
64
32896
107
455
3140
4366
2762
1346
861
6432
4099
20032
4132
169
2281
2787
1816
33895
2283
3371
32888
9346
2742
61532
39732
8018
3438
7674
1239
4751
6635
680
343
4162
6725
3318
4247
4038
3408
938
810
2380
5051
2922
16001
2286
12059
14002
191
3020
3950
51351
50246
3225
48925
1420
26340
45002
12000
6486
1696
34683
49519
9111
2697
13723
733
1599
9991
469
2454
5104
1197
5959
883
1182
554
1920
7437
10542
4433
1867
6013
1792
2102
2894
879
4152
5747
2044
6601
6250
13017
603
168
86
659
8503
13229
7311
8290
15448
3186
11032
18333
7073
7339
25004
3413
4950
1379
1200
13167
1947
31457
32784
56507
5134
2136
198
1188
6509
3690
49167
2691
8102
8192
3105
2664
3952
3162
36824
4021
5259
4176
1449
3348
1672
2018
2619
51658
2211
2837
2706
835
4407
848
6620
3048
62674
7328
2780
37607
59191
55183
3925
35004
7675
2636
438
1436
6896
70
1202
1603
11697
3329
2232
1557
20
1008
7164
13822
63675
9826
4235
2735
2327
8115
5723
8404
25262
10107
58164
887
4126
2421
38292
9673
16705
1298
3303
2174
326
33879
1794
9161
5264
1845
2991
9418
1729
1147
44323
1462
9620
12699
247
152
27008
6558
3796
4238
43139
39265
1647
1397
3966
2022
49170
7301
8004
5860
2802
2106
1616
7244
3862
1399
24004
1608
3025
5688
39117
2594
3298
416
5453
48001
491
52948
539
1038
19998
1089
37121
8029
6973
3314
3778
3385
2974
2725
64727
7738
701
3722
4556
2937
20222
14142
1887
20734
5153
3305
2602
64127
9888
49165
11007
5975
1766
1180
21847
3467
4422
20039
5026
77
4791
3786
10414
4985
2163
25000
5020
5403
7013
3172
25900
27018
3261
54741
2060
10114
3039
3889
1764
3352
54321
1403
5586
4237
5166
1943
4193
49352
41230
16048
4050
5696
60621
3488
4390
32778
1933
8764
1756
60055
40002
4241
3315
2705
256
1711
4236
7962
1066
2550
444
5922
119
901
859
4882
8060
4442
46336
4730
1500
1775
4902
1229
2063
3384
2512
49179
5646
4416
6009
7772
3113
3433
677
5600
220
3701
1998
1422
10104
10873
426
9008
2555
2765
1643
2909
57479
7348
2265
10125
8140
6048
16368
12012
4066
1609
5021
15722
702
4171
6640
3756
2068
41796
10860
24577
2238
4153
8925
27355
5631
1419
1163
1085
4125
2279
5165
9107
51515
1196
3837
49521
2611
8378
5008
3776
9680
32932
3472
2829
4662
3780
13709
3276
3543
2446
4884
909
9617
570
3401
5066
23228
6267
5269
805
8270
1697
5339
4790
2036
268
7313
1855
1270
8276
4644
2237
16000
3845
5581
1957
3839
5056
4739
1529
2589
26417
4604
48003
4914
34036
1221
2329
3427
2578
3491
7319
1538
21
3726
4072
7726
3374
3582
1275
987
946
5729
36368
2463
3181
36983
5598
42559
5677
2428
6104
1483
1590
361
4789
3560
7326
1220
1762
32835
1185
46813
2381
4257
1031
22347
4060
724
3202
2214
5310
7231
7929
2228
4940
512
6046
7334
12265
9575
5400
12262
4689
7166
9106
9454
3953
1306
26208
1865
8
3111
9044
3529
9632
1235
3254
4189
3857
8339
80
2916
2598
6084
26000
826
4681
3758
8090
529
32908
2295
32789
3645
4406
3681
2563
4007
63803
5834
35356
33656
7920
4867
31016
4414
3721
46
3086
5248
6
620
7031
8087
3566
33087
195
55907
4043
6145
4404
1778
20052
5858
5344
1595
2401
8097
4228
7553
25005
44709
4729
2315
2955
8101
515
1017
47808
401
17300
5087
43868
4013
8130
3028
61159
1847
33889
21554
1222
3553
2843
50205
1700
3103
8901
2026
48009
1693
25954
164
5223
2792
40754
3587
23004
1377
59087
15005
860
4563
862
3678
616
4296
1226
9000
6503
10050
2385
57325
345
3297
35513
15118
6842
6109
53491
1035
3872
4140
61617
573
9021
1284
10852
226
2677
52849
2630
11104
9065
32775
5167
18635
568
5557
4756
8539
5067
1834
3846
646
44176
1949
1746
9300
47012
711
3967
5966
243
6665
1186
39681
8484
4097
1015
5770
8122
5680
3139
8153
394
5771
5096
2171
40841
6033
11862
3741
11173
5745
1287
1356
3204
22177
48813
6251
6325
696
415
3744
41123
3085
221
4370
3341
8610
13821
48682
4114
6697
2223
3001
28717
7542
2934
6920
973
3110
3632
4343
17500
7555
26261
2326
1254
4069
2977
4685
3946
3270
3885
32765
5683
9668
9910
8189
27074
33605
4558
79
9283
738
2678
1838
8093
20031
1011
3479
16297
11033
58570
3757
2088
4020
2248
3698
33277
120
3903
5279
1703
16384
3148
3847
1109
858
13720
2346
216
8205
7228
2932
5407
355
2543
5715
443
6789
42560
1386
105
39869
2307
4903
1745
1476
2577
4039
4222
619
35900
9130
432
251
945
7511
5098
1149
1369
2524
3674
2627
49001
5573
1909
57702
17877
1162
7600
1765
20990
59525
37185
5665
612
2437
2668
1652
22022
3625
45100
189
15730
9287
4712
3642
2032
2424
993
3860
4284
3460
8273
3077
8750
4
11164
9024
10551
2872
33011
3502
3868
40513
1318
1955
478
12005
9988
10161
42
9909
689
1864
359
1246
27876
2304
2242
35217
3604
33335
3999
4530
4351
42906
2348
2328
1144
8766
35
3662
64320
19411
1259
2389
1288
48153
4180
2827
3811
34381
9628
3619
10064
2588
22727
31765
481
106
6026
54
1997
130
18000
33899
1199
57576
9409
40005
970
6053
5022
3593
979
32961
4899
5434
2834
24
7329
2811
6382
2963
2658
686
19101
3731
13766
558
436
5807
4878
2760
5725
2471
3518
3724
336
894
1300
2095
8202
7801
3198
324
2893
52262
4392
1205
3372
713
749
427
3045
8804
1732
54873
5887
2739
3607
7400
2352
3648
3391
252
1211
2687
64623
54127
24850
1811
3129
9098
949
2226
1215
27374
60377
574
6055
2382
1021
7092
623
18874
6421
4073
3293
32034
209
1459
3065
5962
52660
471
7104
8010
3093
8688
2591
2620
7451
34021
19464
10500
2804
248
419
5411
22128
4288
582
2219
3556
2864
43191
1153
20883
36508
5222
54045
5787
1906
3620
39380
3099
796
10567
3881
3051
7043
542
2816
48083
4429
2743
1308
51485
3507
5911
4205
20048
2085
19801
16161
54263
1105
1402
8292
1014
1860
5687
1355
2783
319
2861
33175
13223
8042
1508
22223
2980
1968
6310
6019
24678
2628
219
4096
1598
10900
258
10129
7547
11401
8199
3688
1675
46996
1320
3939
4212
802
9912
8652
751
7624
4071
3430
6999
5230
47
457
3739
17185
3364
5823
3319
5831
8798
2
157
1108
7683
1446
4517
2528
2852
17007
56810
62006
2058
10552
5863
54320
3366
3275
22005
2622
3676
2243
53189
65
911
6062
6402
501
6123
1345
2109
2621
1507
4103
29810
1059
32773
1393
32249
486
508
6633
5800
2986
5550
3486
5111
7491
4218
1293
8313
19780
17860
2169
745
9209
3804
3831
7606
6102
546
2144
6054
28589
2595
2785
4112
781
1256
5755
3377
2051
3537
6160
52046
3387
32960
30400
314
44628
7794
2090
593
6149
24800
4320
1663
3984
2017
20106
16900
448
57
2166
5192
35879
2943
8843
4350
2945
315
6029
2527
1506
9026
1843
2410
2208
2504
534
1400
9643
65310
53535
3573
34507
5352
4753
2576
3376
32031
35506
4055
2815
51067
3356
3535
4844
13265
5202
5291
3009
3239
1135
3144
4551
6259
652
2888
49196
125
2103
5877
2997
6565
10252
5750
3559
14145
5314
3503
182
3877
2160
57123
49132
8322
2632
9990
7004
1936
1392
19852
2157
3386
13224
440
6301
1292
2805
27000
32858
2210
2721
18337
4376
2593
4418
26262
49
6008
4003
6105
5804
3490
2052
10201
34572
3965
3090
27353
10616
2269
5505
4044
273
9630
30705
7428
8025
9911
33017
2799
9953
6401
1165
20147
5780
1078
5054
3309
17802
642
31
12109
1243
8865
26
3713
1030
1614
6083
8455
38805
13702
2440
59510
233
2425
5474
7887
6306
8300
1137
49228
20049
434
6700
1984
697
1898
9513
8880
3989
3919
1159
5582
1872
4969
2473
1555
56737
7438
2038
14534
13823
15000
50835
194
3325
7648
3963
57350
3933
51343
5939
2231
17777
3773
2489
9220
68
9011
2220
1473
4837
1629
836
36602
2506
5443
421
8800
1862
17867
26486
1004
3000
22800
715
2747
350
7846
10617
852
87
4083
5147
5724
5349
286
13713
3813
2364
3639
1511
10003
1491
7496
4129
6942
5414
1520
3022
37
6067
18962
1319
6485
276
776
44004
1822
32770
586
8308
23342
7215
12892
48129
3718
2878
5718
7302
3500
1372
3164
6253
3388
9592
634
52226
3988
4146
640
17595
6622
2552
25
33522
2289
391
872
611
533
3838
4545
12009
1316
44616
1095
3930
14891
2539
8890
4419
10005
1467
1341
7128
1531
3802
1704
72
3166
5913
3207
60177
1651
5280
9876
2202
8380
4900
730
4271
3130
2209
4665
388
42322
56055
20080
20003
19501
1724
6140
5954
51771
376
1055
5902
49603
56259
58468
1065
33841
3585
5841
6355
6141
2771
1823
1827
1512
4391
321
49160
3822
48356
4035
46069
1001
53852
1073
2379
7508
27006
53370
9979
55056
3203
7771
5272
334
1617
3071
36256
2700
5306
9010
10754
50
2502
21000
1661
3147
17089
6481
2912
12156
49202
5059
3250
1723
609
1718
2151
7697
37654
4609
1330
2055
40951
420
9087
17219
4267
2337
7099
28200
3850
399
16901
5953
4175
29243
4269
3844
56827
19200
2851
18517
59110
3232
2236
7744
9929
6148
7393
1938
1854
9215
1034
5746
58430
1990
50903
3677
7629
3765
10022
1000
721
58001
9089
6016
387
12243
1088
13818
9951
4750
5245
30718
49275
1597
4747
4449
1543
6964
760
6120
14936
9815
5317
2374
4324
31072
271
357
21915
1924
5299
2581
4010
1227
2429
5504
60504
1143
3102
974
21010
5868
7345
445
59200
16950
30519
5827
4553
4277
4032
39293
237
4682
2009
1305
2946
11108
30003
996
3210
18241
454
5031
2786
1028
8991
18439
4569
431
43189
2995
49168
4255
5251
10023
6687
2803
8180
8194
7853
553
3444
3482
1381
10990
4691
51020
2640
9901
9204
1596
50887
4122
213
5224
10004
1241
2433
3288
3576
9943
2824
5456
2523
480
17184
4687
1831
4054
5137
3246
41632
10
25473
5901
12225
32801
704
3290
32785
10550
57733
4731
39376
4268
6602
9216
2987
9535
32
52853
4286
32022
1825
1946
1758
7474
523
6317
20179
61473
52
36105
16002
9612
1559
196
51906
9614
40911
6888
2915
4110
6129
20202
44965
9020
117
2823
3132
8007
768
7878
4336
6963
3346
2717
7788
4201
4077
41
38000
7734
4295
44704
19612
2258
26007
7341
2789
7551
3417
27357
3615
4227
3929
5728
27001
7101
2266
3706
7500
1563
1152
49236
648
3043
12345
19842
4297
4443
2711
10800
15550
2610
2113
50733
2529
2942
5883
42679
1132
4086
6156
19220
12766
3659
557
45678
9830
4400
5112
936
57294
1398
4230
38462
5308
1937
6122
2865
19995
506
9295
5927
2442
6344
2990
10494
4036
40011
767
25703
4408
7067
30644
7273
27003
2181
3436
6075
9694
1407
3420
8002
47029
5318
1454
1716
7708
8294
32779
5301
5233
788
65488
2518
673
3193
1234
2902
3425
9339
580
32772
5436
32868
10544
42001
6069
8037
43823
6005
9104
2546
4859
3382
40834
25174
3627
32842
2427
3150
1977
3461
202
10535
4028
2758
597
468
27715
1370
14237
5871
2101
3079
46171
3328
1821
5848
2745
5361
4290
254
763
18380
7900
19194
1285
229
4471
354
404
4573
1052
2120
40811
4801
6482
39895
20934
2419
63331
32782
9618
18668
9993
1334
830
39763
2960
3842
4548
2723
2666
16
10566
3682
25009
4660
12019
2683
2522
2067
9197
58634
16286
984
675
30260
2544
51103
7279
6004
2010
888
891
2889
4217
3763
4070
5080
5014
37839
3602
2936
2268
801
23401
5960
3252
5203
7509
7100
643
2891
3774
8981
2124
43103
518
57891
5634
649
2262
20670
9280
19020
2213
3656
3277
5235
11161
8091
8383
8477
8034
52850
6628
4949
2021
579
3133
5152
32400
3471
8891
1632
2779
60227
10012
6107
9889
3608
9753
3823
3143
3876
8415
2613
2417
1993
6090
2953
5568
7123
49302
65129
495
14500
877
10602
3917
9110
3082
51965
364
4432
5602
174
5001
7402
4559
40812
24392
2538
11224
55000
670
19315
1110
37855
31657
2896
3016
1452
18186
7443
10387
3605
52001
14218
7725
4393
60628
4767
6966
1767
3222
4760
799
18148
6412
5630
9293
3108
44101
3335
1460
57681
21473
36462
692
3769
49765
540
925
6550
661
35401
4803
1966
2957
4244
1852
1405
47850
5197
725
522
170
3866
1482
1894
4002
33124
1986
4447
44981
3575
1521
4361
10778
1324
2999
1098
4485
7903
7173
1526
2788
2031
1628
3534
679
13714
6024
6634
17223
2233
206
10081
3540
51
52002
167
1176
59239
22763
11211
4068
1561
3508
4313
1787
7312
5312
4024
5632
16311
1748
959
8701
878
16113
5309
576
8473
4283
4670
2197
34833
28850
8881
3986
1267
2549
32781
3735
5150
62866
36914
12077
5862
1503
7358
13721
1623
20225
9981
2399
2535
7431
3036
10347
3696
1020
3854
1754
1770
4683
876
4197
12891
4371
36710
2284
7543
2914
56973
1719
3353
55773
2958
27442
2108
8058
7171
23502
2467
3712
9593
10113
4347
2450
2775
1621
19410
3059
159
3449
16845
5190
3572
978
43438
687
6020
3112
6389
9007
4034
488
21078
2155
5667
1820
5567
55020
33354
2077
8808
566
2159
9123
5427
25955
2962
20828
38313
25734
3924
9001
1248
931
8471
3128
1668
5908
1428
18336
8086
3532
6817
5716
3651
347
17220
7685
2153
571
7351
8913
2939
7021
3767
2867
4118
50787
816
4262
39630
2143
1813
3867
865
7563
4300
1553
6014
4213
6017
1231
47700
867
2392
6636
10162
44711
2245
62080
842
3970
7335
3266
51772
3390
6771
3684
6379
3865
1348
3895
353
6792
9583
895
6606
316
9968
1331
8081
48967
9971
3654
3476
5261
4678
1810
13400
2129
9222
3121
3339
4142
7331
3151
5907
1327
785
32790
5099
7307
11180
7340
2497
4802
1708
7597
1258
7330
4680
31438
11103
3383
27016
3577
36046
3863
897
47860
2513
3123
21634
9092
3458
5676
3680
20226
39
8070
4402
4107
496
58498
2100
3816
2931
10565
4991
705
42127
507
1941
5304
4838
57928
6034
12322
36436
5117
923
45960
410
3960
7011
5842
903
3832
59829
306
49201
1102
989
49197
40
6656
5711
1795
4323
10509
1299
27345
1919
2198
55527
664
2917
1571
2458
1094
1432
4321
778
1944
3998
1151
4464
2985
3336
22951
3993
6668
3452
4421
2050
2118
5252
17
46182
3943
7871
7464
585
121
58630
1720
15145
40400
9312
3216
2247
53469
2199
1064
60728
3004
3037
14254
695
3106
44600
3675
6404
48631
3784
1620
10626
2989
3115
1208
1678
3066
6501
7072
1112
17801
8019
24680
2178
8020
15915
2099
7895
2965
3487
1444
6112
6316
8280
16723
2970
2132
1104
829
693
4030
7333
9596
1294
1468
2572
58374
3405
9050
4233
3658
6841
1061
24554
971
39659
2798
22939
7473
17756
3916
58970
32764
637
34962
2367
7324
3621
1856
3424
3104
1907
145
9631
12753
972
3795
47001
2701
2373
708
45697
17070
5471
9282
1274
5918
7001
28119
6784
8118
3548
5049
985
4061
5811
39482
31685
933
3985
116
7701
4158
717
411
1884
49176
25001
2978
4454
3858
3528
2938
24006
2423
53212
1349
12300
8301
2076
3942
9966
3655
2564
37614
73
22537
13188
408
49203
5963
6085
548
1836
50019
9102
150
3142
6408
2073
2259
31620
2028
61851
4134
49520
19412
6038
54688
11089
138
36659
25735
1585
9255
52848
5146
1380
2820
3653
12251
3389
2061
7359
2998
2230
8686
1069
23052
790
395
1469
635
2766
49186
5412
9003
98
132
9443
1339
5458
727
3155
3603
3029
161
838
17255
5404
3663
3936
3752
5300
485
4001
473
4084
5722
9051
3317
1959
2685
2062
6667
4064
6786
60000
3478
1359
2075
1945
1009
651
5315
3992
1313
1712
13711
15670
181
4713
3268
7544
3861
3736
14000
1228
8409
1670
2306
1783
460
1430
53782
3312
22001
97
250
2863
819
3533
2308
1774
21848
12
18183
8016
3398
1549
1734
789
7216
4327
4108
3177
3015
1027
2123
6621
1416
1224
7121
4178
8116
3332
3067
1912
1989
2737
8711
4163
3971
2781
524
3951
3594
775
19634
4307
34875
4051
35131
6058
2154
1715
5397
6922
57352
456
16995
1656
5044
2584
2011
2316
2447
1457
2608
1782
3859
832
3770
3843
564
8612
1851
769
2984
9629
36677
8026
4987
42251
559
1701
1713
22959
12090
5196
3825
3853
2993
4187
7967
477
12346
1923
5428
1409
5228
4749
3018
42158
758
1594
3455
2187
960
1362
5782
396
6161
25717
5082
6505
8752
1940
1041
4980
4659
4430
1839
4663
7938
2754
7401
1841
3991
60989
1833
2089
4226
337
6274
4214
2532
7435
11367
2821
33334
2368
4557
38422
482
9191
13894
5307
6711
465
8530
143
4359
134
3158
3583
3046
6346
6868
2956
9380
4260
4804
9600
5121
1481
2321
6321
1245
2973
9996
15402
676
42035
5226
49232
9814
2716
5219
2251
13216
3855
5145
504
4870
7932
23456
2229
3994
3599
49803
11109
1131
8376
3920
22004
3551
1138
18185
8055
2924
1759
6028
49171
9364
32820
36950
217
6326
422
5618
32791
32807
1904
4880
864
41398
2012
9402
18242
2881
1653
1203
8083
32904
2071
1805
3790
35929
1948
284
20102
2244
10055
5490
4552
29045
59509
6322
1776
3584
5298
8980
9345
20227
3749
3501
3834
8912
3912
27055
1012
56738
8282
543
46200
13819
32636
260
7777
1375
2224
1250
6583
2193
6506
4356
814
1044
18463
997
2601
968
10255
55
10245
2727
22289
89
36424
3428
3244
2756
5621
38446
9208
4076
7688
5969
6801
9823
7218
3958
2376
7019
6970
49372
5063
6629
2967
52477
33331
3937
205
53460
3723
10878
3034
1340
918
5801
1128
1134
4058
15345
8230
3107
4082
2297
5086
23296
3597
4018
641
1479
5012
450
3801
3922
2280
2887
3350
991
4282
60743
3874
7810
7574
5679
1333
3199
1424
734
7680
881
8611
3271
5633
1562
18910
452
30002
266
1848
2475
8092
1610
8182
9450
9281
4411
4123
2959
12174
3448
6715
555
7787
13716
8614
825
6209
2744
5065
3764
160
5584
1878
1584
2275
4120
7275
3152
3292
2883
3536
813
4210
6001
7911
9164
58310
5461
3291
20224
2832
215
2866
4116
16993
2273
2690
19150
2172
32797
4590
7921
584
10439
4040
7026
9103
49163
1404
5769
3269
5574
8665
6044
11019
3561
27351
11319
3833
50500
153
100
7937
16270
5869
1921
1260
5351
63423
7354
165
5569
1101
5503
983
12146
2117
2615
2016
50003
3592
1016
47557
7784
2059
55684
16349
1896
3320
265
185
3879
2714
33395
27017
2814
246
51488
5566
2753
3375
1440
13710
12001
38546
7282
50945
1265
4535
1411
4661
2482
35355
360
8878
3442
6007
1967
3453
1106
8801
2357
18243
2393
1890
2142
2351
811
9284
37218
4085
4117
13846
1648
75
8805
31949
8786
4989
21849
1601
3709
3136
5974
954
5429
50831
4023
3815
3047
3265
5671
3311
3766
1985
624
64507
55555
38203
39433
183
3284
37647
5628
54987
33060
7802
5409
5985
8562
7627
1982
2005
1389
2054
7237
8883
23402
1910
222
866
3848
4458
10260
8144
33123
3918
912
20057
5713
1606
740
5172
44444
5470
3281
2981
51484
3179
737
3807
3117
7022
65048
7548
2884
6515
10009
6504
4770
20017
4012
1335
22769
55948
1376
660
1155
2407
3224
429
3238
2907
318
1242
7169
2330
6632
2014
281
13456
6673
261
1390
1961
17016
55055
442
723
3247
36104
16464
13192
1443
3248
123
2257
2096
5734
1523
2836
231
5242
27537
6442
6623
3419
33367
1602
6252
1840
4480
2797
889
6347
1842
3409
13160
3637
18769
7979
5313
3031
6419
49400
986
3760
3538
2474
14444
3636
64680
1179
9875
35593
9205
52735
556
12271
2149
4488
1093
2323
4931
12002
60279
7707
50000
52869
3355
7901
12171
2000
23272
8772
462
3367
3343
3146
7317
3322
42590
2261
4355
599
15
8059
3397
5405
1926
1534
8076
55426
487
1172
16665
6582
3510
35393
3938
5136
5785
41794
41121
32814
3369
50815
1051
1278
4894
1772
3700
1223
975
4045
581
1357
4304
610
2201
2579
6510
818
5401
2559
7051
2590
961
3957
53314
42990
34341
6091
8129
1625
2087
2288
766
32783
5988
5102
4658
4062
2871
3909
8987
2466
1261
1133
844
382
4593
4309